0.0000000448
0.0000000449
0.0000000486
0.0000000530
0.0000000371
0.0000000455
0.0000000456
0.0000001079
0.0000000437
0.0000000451
0.0000000476
0.0000000602
0.0000000409
0.0000000475
0.0000000521
0.0000001008
0.0000000526
0.0000001110
0.0000001084
0.0000000122
0.0000000380
0.0000000702
0.0000001452
0.0000000136
0.0000000730
0.0000000667
0.0000004340
0.0000001065
0.0000013589
0.0000000834
0.0000001076
0.0000003974
0.0000000376
0.0000001711
0.0000000960
0.0000001549
0.0000001070
0.0000000967
0.0000000955
0.0000001008
0.0000000342
0.0000003546
0.0000003489
0.0000022138
0.0000002203
0.0000000799
0.0000000522
0.0000000966
0.0000000322
0.0000001620
0.0000001181
0.0000007071
0.0000000613
0.0000000867
0.0000001219
0.0000001758
0.0000001331
0.0000000891
0.0000002068
0.0000001484
0.0000004077
0.0000000963
0.0000001103
0.0000001611
0.0000000700
0.0000001146
0.0000001061
0.0000000080
0.0000000504
0.0000000747
0.0000001621
0.0000000017
0.0000000673
0.0000000455
0.0000005149
0.0000000950
0.0000003446
0.0000000815
0.0000001031
0.0000009140
0.0000000514
0.0000001523
0.0000001190
0.0000003872
0.0000000408
0.0000000747
0.0000001246
0.0000002452
0.0000000925
0.0000000742
0.0000002200
0.0000001257
0.0000005626
0.0000000926
0.0000001398
0.0000005876
0.0000004155
0.0000000449
0.0000001209
0.0000000151
0.0000000023
0.0000000556
0.0000001841
0.0000000114
0.0000000732
0.0000000837
0.0000002956
0.0000001063
0.0000002353
0.0000000915
0.0000001541
0.0000007595
0.0000000982
0.0000002992
0.0000001580
0.0000000541
0.0000001176
0.0000001615
0.0000003655
0.0000000149
0.0000000832
0.0000001375
0.0000001834
0.0000001250
0.0000002437
0.0000001663
0.0000001513
0.0000001655
0.0000000266
0.0000001177
0.0000001054
0.0000000174
0.0000000385
0.0000000689
0.0000001356
0.0000000223
0.0000000741
0.0000000672
0.0000005795
0.0000001086
0.0000018102
0.0000000810
0.0000001012
0.0000003126
0.0000000097
0.0000001553
0.0000001102
0.0000002228
0.0000000966
0.0000001029
0.0000001072
0.0000001373
0.0000000974
0.0000002448
0.0000001888
0.0000001589
0.0000002061
0.0000000915
0.0000000681
0.0000001519
0.0000000347
0.0000001868
0.0000001186
0.0000002057
0.0000000414
0.0000000744
0.0000001185
0.0000009905
0.0000001056
0.0000000741
0.0000002146
0.0000001319
0.0000002872
0.0000000919
0.0000001418
0.0000006290
0.0000000254
0.0000001412
0.0000000863
0.0000000529
0.0000008417
0.0000000406
0.0000001177
0.0000000149
0.0000000790
0.0000000915
0.0000000391
0.0000001217
0.0000000755
0.0000000683
0.0000000816
0.0000001051
0.0000000087
0.0000001030
0.0000001038
0.0000000411
0.0000000126
0.0000000267
0.0000000993
0.0000003943
0.0000002015
0.0000000977
0.0000007686
0.0000001512
0.0000000479
0.0000000740
0.0000001232
0.0000038406
0.0000000570
0.0000000574
0.0000000325
0.0000000557
0.0000000555
0.0000000292
0.0000000554
0.0000000562
0.0000000566
0.0000000552
0.0000000521
0.0000000564
0.0000000579
0.0000000528
0.0000000564
0.0000000517
0.0000003213
0.0000000998
0.0000001264
0.0000000640
0.0000000447
0.0000000826
0.0000002317
0.0000000026
0.0000000688
0.0000000595
0.0000002217
0.0000000987
0.0000001978
0.0000001028
0.0000001675
0.0000237488
0.0000000248
0.0000000274
0.0000000320
0.0000000102
0.0000000248
0.0000000260
0.0000000287
0.0000000264
0.0000000467
0.0000000295
0.0000000219
0.0000000418
0.0000000255
0.0000000282
0.0000000148
0.0000000238
