0.0000000984
0.0000000466
0.0000000841
0.0000000822
0.0000000275
0.0000001756
0.0000000796
0.0000000849
0.0000000856
0.0000001463
0.0000003741
0.0000000342
0.0000000822
0.0000000818
0.0000000433
0.0000001823
0.0000000815
0.0000000913
0.0000000893
0.0000001430
0.0000001824
0.0000000367
0.0000000875
0.0000000850
0.0000000363
0.0000001787
0.0000000830
0.0000000906
0.0000000891
0.0000001421
0.0000001861
0.0000000441
0.0000000859
0.0000000852
0.0000000300
0.0000001731
0.0000000827
0.0000000887
0.0000000901
0.0000001450
0.0000001168
0.0000000519
0.0000000759
0.0000000753
0.0000000426
0.0000001936
0.0000000754
0.0000000838
0.0000000829
0.0000001490
0.0000001831
0.0000000503
0.0000000820
0.0000000784
0.0000000305
0.0000001856
0.0000000764
0.0000000824
0.0000000815
0.0000001459
0.0000042321
0.0000000453
0.0000000815
0.0000000810
0.0000000405
0.0000001789
0.0000000797
0.0000000875
0.0000000874
0.0000001451
0.0000003256
0.0000000401
0.0000000878
0.0000000852
0.0000000354
0.0000001786
0.0000000836
0.0000000913
0.0000000900
0.0000001420
0.0000001637
0.0000000464
0.0000000822
0.0000000798
0.0000000423
0.0000001989
0.0000000802
0.0000000906
0.0000000871
0.0000001426
0.0000001904
0.0000000413
0.0000000819
0.0000000795
0.0000000418
0.0000001874
0.0000000779
0.0000000858
0.0000000835
0.0000001438
0.0000003375
0.0000000443
0.0000000849
0.0000000832
0.0000000364
0.0000001776
0.0000000814
0.0000000886
0.0000000884
0.0000001438
0.0000001346
0.0000000156
0.0000000798
0.0000000805
0.0000000454
0.0000001906
0.0000000810
0.0000000934
0.0000000901
0.0000001426
0.0000008196
0.0000000507
0.0000000791
0.0000000743
0.0000000423
0.0000002273
0.0000000738
0.0000000820
0.0000000781
0.0000001448
0.0000014740
0.0000000474
0.0000000834
0.0000000838
0.0000000328
0.0000001732
0.0000000820
0.0000000883
0.0000000901
0.0000001474
0.0000001369
0.0000000490
0.0000000758
0.0000000767
0.0000000449
0.0000001986
0.0000000761
0.0000000857
0.0000000833
0.0000001460
0.0000003144
0.0000000387
0.0000000870
0.0000000843
0.0000000400
0.0000001905
0.0000000839
0.0000000941
0.0000000906
0.0000001410
